264477829
529642897
486781762
1795694483
649122319
412469146
1888108750
1298434032
87946242
19149963
1476968628
725498492
1114037888
102338520
423319847
1397130774
361604930
287560196
1509874985
2087010620
1124452303
1576379664
630782866
1994895352
165369428
2098626120
1892798012
516662323
1114834701
271999095
1972662768
1379312531
801641992
311960882
1027523366
1450764311
724430029
768148468
601714696
812376271
787298431
2078683324
1537874763
1901336319
33538196
1961194611
1150983445
395143126
101271159
513374783
334670099
1225723462
2089754447
965452965
1073135166
107640227
916595437
818449531
624302550
2031430139
1090448626
449481670
1263259022
1892090619
761442553
143298740
1195371282
1485872582
911447208
1797085978
150765205
1698745639
1728285654
1688639968
1452598310
1761823850
1502350931
456098107
9483329
1603622091
969472890
344153428
681861905
911743690
1309606393
1754997072
1019383917
78718183
425962955
1643686468
2110148322
1516411581
2093168138
1225923696
1261018552
707127043
1369222436
308906187
45515977
133185996
2105992165
196281182
1831931635
1686794172
1884921151
1137046297
1301134374
1239788434
1593144404
1310617703
695926877
415133647
1654771131
1377788783
1326877337
816893877
985302207
198777606
895612060
1411265162
1842464074
858276734
780193095
1788148565
2084200430
2041211648
347791960
1305939218
202634187
393307938
1439125214
161142704
589589120
1123573201
1847936876
327026623
113135850
1001587603
1566815058
1706280254
164721658
115258287
2121413901
1819492790
1493047070
1300807590
488903019
330865629
1499585197
1384515079
1742130791
1194565623
95308165
374840239
835230540
32024947
268568239
1183022501
1337964165
471202426
1576330439
629605731
632345130
18435911
1753178932
332798359
345462535
1866314782
1334385962
1912277593
1425111388
1499107620
2027535880
1399041642
1171116762
1373099303
552365584
1660019781
1703964932
2051950781
897051212
1298612076
1099032757
992359377
1673452315
1934263297
1024384324
1942020554
969802150
214864841
265739332
398648941
844470572
898084462
417084853
450165856
1230882821
762547388
168996990
417785135
527341333
1594108379
1916892756
407393565
845666373
940525870
1780492868
1398031957
453062004
1336974153
1302499091
1350113216
488102581
254048200
194988946
14071248
40827849
1219373270
1956091802
1010630000
1434238112
74347486
1409278941
131225036
972431948
1826363794
581390893
55831122
441427534
750387883
473616257
968768867
197012614
243025365
1376162433
1042678987
1183551236
1009171653
293227297
1636613240
198662158
1595726388
839242808
686764739
1849774588
1034231754
700835987
1890602437
106121377
509444141
753748789
1540359489
583791627
15544083
1671584525
1556223576
1841907877
105491770
1612054698
135851764
855879654
2085670955
1104620631
1052892268
181212673
333299416
2095571256
1364763909
1342471070
241314905
853893501
1541133228
1837041293
1693136309
80414320
1539332233
579884416
781250307
1282451022
686005793
1290694449
2036199812
78881634
1874486076
2051743895
1750466159
1283226004
1746168124
1855957930
747797054
1882019888
564353936
685984362
839156872
1617246204
867197035
1172456288
1565333812
84477296
367443710
1806648717
938370797
1908576939
1496206362
484023458
1988991259
888054947
1063907874
622757918
23022322
1749913667
1913452367
2059222134
1828795301
1640454796
1963482381
1431777813
776197152
1562166857
1140252095
1523994207
1296703098
1704606031
62494921
2135859970
1174368587
929691956
1160832610
592218752
1014169252
1528276321
251383821
1952540049
1289369612
1747590184
289079859
1130877223
488161483
1352987734
1753635141
511183805
955417753
1519603861
422922291
636729407
1012575009
238921024
2068507220
1788772161
1801087882
1061275667
1165282720
950307332
618398050
1227777641
938683654
1792766637
9985949
2099516264
237501741
1024155201
1480308937
488885563
829211602
622194901
88992099
1118291462
1753072124
577153582
323795548
1359223618
1088337388
1279213301
731343831
1511259679
1915942708
1743918840
1750180704
1836966280
1385207353
1403784938
750758299
403006426
206608622
1369156349
1630784067
1145292276
1014439339
1640770017
1097324892
1251941080
517441570
430150182
1740826643
1346653173
1052345083
1829818742
317460987
657933560
259488677
641256535
2017157178
1347826065
1920469836
601017361
711602096
1688928897
197452553
314299152
1378411529
1582659906
1718084090
2129169829
1985666332
1924692712
1350842530
1468966752
922501340
217798221
962253121
2019826233
1469739302
1479694691
302492767
1063082297
678864216
1354837850
745417392
996325203
2012771410
1004906069
1637581738
1882444940
205248486
1410567927
335978653
916850582
952013176
533431206
1231149735
182941057
2116091113
801750177
164627238
1954273797
578959242
1515469769
1275756901
1501460582
1733267990
90526374
1373803167
1055523644
1570221066
1676295934
2118605942
101601634
883650137
716539686
1097926838
748937899
1721445755
588024928
483899192
1926694241
1998592855
819877845
696061175
803122383
1353309052
1927210910
986063441
1321916517
581477440
1150690679
1128706666
1160436682
518676800
256979920
514413616
104461143
347506294
1888216784
1159984787
1917727360
1417029070
1131107081
2019328995
153195559
1847646767
969772185
902133459
1421608874
1557797113
1386032651
1200819467
1408906321
58426848
1896880643
64545056
1411735900
1676607905
1050608497
586168769
110601697
53815529
1714875436
1271038379
572492329
1971855356
1785451996
676953472
171878002
1526185132
1836938260
2089605363
795730554
820561693
1961450710
948926114
520724813
783739247
1851059573
1942333687
194052712
1089608576
995669507
1602959033
1148035424
745066502
1667504090
412287677
274190759
570628939
998456446
384792457
624444468
565848234
1655830836
1196936798
390219942
1293799184
1873890270
562097945
672500668
1563344882
504219660
1468231223
236422928
318186722
269673689
757147741
1101925969
2120733262
551997780
1295978681
1062858190
1547667287
751454067
63409966
145250141
271474509
475697643
419440901
842103448
1474154090
804233358
1466547917
2040002324
312580546
516001067
282738619
1606379731
242407689
844836564
131396751
1805752572
1349056224
1599627974
2042175500
1667242946
1869301663
651839593
621685267
1842551277
1203837373
1917663948
757925819
604021013
521634367
821335786
749271154
793108876
1297033429
1168712055
1635212325
623703871
1972945413
954276594
516222548
138042312
1470277661
798961167
1744422043
1712685350
1643797731
1875818794
1370954274
845370307
1327963121
1265646126
365129605
1049781136
1917485719
986814872
744848766
973839445
756995172
1502774585
1577860458
1278629540
176626723
179647964
2071738416
1473660153
1348360020
1559467093
2097364024
1173821785
366260039
466102924
1311864097
1836537700
1265064091
908802492
1401739403
761378174
637137639
625210029
1606748481
1965100760
1890856156
1971878086
867398248
1660858227
811209310
1612247014
487214024
1568204483
967537952
2065074482
699350375
1144164675
97238799
623605143
470341180
1445598819
35588589
420221557
471936956
401848628
886324481
1783801054
90902681
3904925
545119898
1492642084
765283099
1182257537
2117852113
224547933
999874649
1861224621
48942371
1867272898
1374599201
860151682
1332036264
1861813225
280872517
152090568
1779404060
980222892
1296255244
1876642859
1603828035
1766596424
1174758030
1639416624
39334333
1646694986
2041265253
925658815
1283012392
2132167934
929563740
1828132291
1477326370
1694846839
862906180
1447694835
1919394772
1862780830
1161435809
1968337144
1582570080
388551362
681005178
767122696
102880939
961877695
919213265
1882284999
1942100587
67984861
1611444210
1398444974
1834581285
638718592
890377951
1873915619
137929931
784159556
652090786
1420942323
768843842
1581654526
1101590966
98686564
1129017717
1964497147
1546381399
900928842
1679794329
560333560
721782338
1114880761
948884922
1402787516
1882003457
1051765862
217181563
653733074
786567213
11798502
721717935
250527776
1410243476
408815573
889246368
153137779
135247544
1027176299
937297335
787338330
300634975
1706141177
221509208
1402225941
1804827741
1350526925
1219239440
1203725493
103972119
751550121
1764059053
825754457
1866430882
565460328
81058325
1600950692
1617226190
298239888
107200118
256309755
310038390
828918054
506837531
1720281867
1237733627
1396083900
1873419646
1372981171
275776551
663233334
12835853
576411526
221890863
234345061
1978637468
2026718605
1584871986
1050393260
1082960450
1688844106
1801943382
699535855
367114915
1520890616
1264996183
448173241
974357660
734738725
746413129
1081557779
991048481
1056451520
1910475833
1497886012
629249739
1000725812
746486264
355185737
226223335
1022262816
1018419071
239059188
1598674342
1240309935
473404249
1429828162
1119544892
2058276235
332737775
55021694
1599636693
2134681157
754557549
1966751609
1508088125
2019553733
267441202
334962138
606808810
1013854331
1416519917
1597857291
2070305851
1179512102
948259656
552071942
32754266
1694745920
907257680
258977601
569525088
1925676751
498036789
20715783
1018503038
971441038
1450543945
2138047930
882233625
1783281720
45585976
334386671
1770479229
800143526
153654632
1131083707
672213611
421095834
1466045845
1279022421
1434950165
735082114
729396065
1357772369
1914594216
1677655721
1909844311
1947348482
1224917993
669618343
58842435
1794443082
447811447
556879224
1815158865
1466314485
1528320262
1118219162
1456878768
263070239
754017235
1502464744
597456910
377012816
155124622
751111542
1508096523
827338233
1172207376
826658720
2106360655
459673894
1561740834
688273072
1817446263
1328851402
218445145
1579806926
1128716236
1443363138
101941622
1187558671
1090322572
549753069
1744437895
757997789
2016067554
1125274509
1876216952
1325462674
1388344749
482750539
680443771
1985801659
859763355
835568393
589429554
220376231
1662906627
1761636930
1047034951
1621783634
73827176
461292138
162573058
1891273439
1790143540
381018203
1323596718
771376129
1824381341
1425538340
1958934800
767220266
1975291409
1555889048
1525218055
1843875315
533679909
1253951359
1021854342
1922024658
1736701898
1702298113
1760342670
448981606
390382858
202288576
669357837
2053289485
1963925506
1716392788
1527589471
2037752683
30201278
1690162529
1781542474
1820344819
2071180732
957655544
444237300
1748078426
235710236
255688452
367815044
63517997
1811577500
1893033099
1907393313
197773762
999500811
781764007
2119798420
588719061
336578472
1732657442
1037700667
726961330
1934946018
1707058504
632767168
1751387877
1275967645
12872991
1641656912
1306168923
1703035521
1275715738
979030094
1626732605
85887635
1423267394
1227327383
321597871
1678955847
1595142427
385115869
1343049699
1340691879
145025534
1540823461
192709042
926789541
1513138234
781428103
1263368013
1098312028
1819128771
1990329343
885774399
1378703627
475612863
489678628
507187624
488485855
2131335540
1813356548
44037728
1259567630
644902994
1670770333
1345455265
2068170389
750614069
1667053137
1599642588
198272848
2052169006
795208639
1538964727
49710892
188548453
1731673769
976500433
1701686687
365618225
92384798
652515067
37263348
2082714141
1538289466
1415966975
410843357
2027968094
1923154600
899329212
2011819986
1589027500
943366940
1123903969
86446846
466653625
321875586
7133587
1217267694
1988928723
1606776175
1415540543
1893614081
254501167
807021622
1943324973
443049620
391211744
772341758
2144736307
756829969
864726556
649767726
794093317
799957050
40573545
62576644
1210800407
2068541639
1985731244
2110129619
1932877978
1427275096
906012911
909298299
1513721943
1372666536
1231173885
1520855530
442450583
1072618961
980148058
1857991126
818749394
1234649225
517529100
614590720
1677698845
908740844
1386932478
1674951504
1665570813
104175387
177235582
312180482
904132437
217809127
374757127
2114932844
138867119
213004723
2077578815
2071745097
1640279820
836108078
833559748
1006518115
61290966
2064733633
379889997
503741549
989868946
1360038055
214249027
1808618341
447203632
731778128
275725413
2124902477
1640518972
1662657891
1652370333
1158606138
1766833278
1829605916
1470786620
523482067
2047415043
1845543747
490931263
38798514
2058548471
421026430
2110543611
1551344643
1257134508
796619711
410379110
1318425475
713869697
790269107
1822167024
1703738643
2823515
2036416052
1364873336
450027147
620710532
1640598749
427445977
113745856
1155772993
2079816310
1272351994
775122623
1761938578
595654967
1298604691
1661869974
293715066
1789535954
1700668488
204779889
63078737
1663728452
1756124532
1320213245
312864515
19019994
491155072
1026734212
809289102
165838449
582989208
812112617
54770853
1947862544
1262139764
675481385
1440977646
1689585741
789227241
449266991
1621918404
2061579236
1224389614
1236373334
509750555
375510657
750759660
803465621
17562964
303944501
1008245511
80641701
1967672953
616886395
1400854946
133053820
635906390
1892010019
1159788033
1445195492
2057848468
1742777241
109824461
2112619321
1543156137
1371964225
640617058
836650135
914066319
1429844299
1285917126
388501075
1343939887
362823093
1624874409
1853690442
738333750
228150422
509672416
755896714
532094923
1517917927
836538415
352284228
2134804322
89909714
485338048
623227064
1981919733
1645126081
2068422556
1892284553
1240419674
30763369
1857420226
636092164
1402727595
350553636
1472742299
169310266
1780397935
611175778
557811341
976854175
973998871
35202102
683060969
1712332621
263352524
1192733385
320745688
795447447
563167664
1157284103
1147731675
550488339
1247193817
1633069724
1173715403
1081629902
1130712157
1094654312
826430807
223648184
1125417681
536367385
859740348
380661628
886921021
184998999
549971894
519835309
796174777
1107783235
1496689484
1770173648
1142985338
32266805
1335022622
1406337862
1225000191
1655768310
54301662
1788167855
665568765
1202033337
191172546
1912762583
687619413
1364887950
846908837
1818331571
312058614
1673339645
2041979755
1437476295
62223382
754236455
1818137924
949144404
939235454
220626170
1468979713
1735410232
1328409406
818185549
1358100232
323911096
850452354
545639206
1730248958
2075452545
53923868
1784550620
1716136753
719492634
839100310
1907309299
484771569
1526719723
1124713601
1331680406
1197567646
1436772215
857536403
1092063753
726764863
919759786
1846300208
397419139
1868904190
638052015
618045309
1190400255
225978599
1946454715
2008585804
1584078831
122882163
711554510
2129718038
1853131122
639523408
36158258
1490198094
208176513
755650892
181814756
2115485812
1240422461
1708534480
1092715766
424619220
758618478
382004333
1282155623
1850682232
1108769196
54431761
1549498792
1506188335
1923335951
40067159
2124233645
966252558
266045758
1923204712
827354714
1850124590
2046086876
1538909225
1832358980
1751734350
30948985
1868517238
1094448796
239125498
476684483
1276263553
207127662
1717106944
837314385
1299843428
2141726164
1595932863
1681847762
1276398140
1299131447
643133310
1330829901
701146592
1837998
1106682205
741213751
2126071643
2072934763
1007259510
1901792707
752805830
709900452
1800395935
144231407
394775784
1404646637
175180392
115809374
351611786
414305890
592493857
1627875339
621433552
162117154
317706076
1921276981
156359670
1913638939
1455641095
1432757810
1065286739
2098774405
616104064
1766433331
2100612403
1722786269
360163434
2079200398
1648237384
1367422944
1833509458
253559566
2077323396
1486421745
397790973
324615532
743584735
572971365
440424907
1095196521
987277255
1032918764
575588212
1608710808
1195035918
893294288
1382504141
1351395589
659449579
690661588
636669751
1724736318
641952345
1252773815
1343686001
595081101
828076436
1703849436
526797851
328830173
923788732
212823661
582389739
853628481
1699245407
980180713
1178244013
295346494
1553152078
1618668920
1390543015
392945686
504104037
1966131227
2001656494
1699139955
711941867
1236676987
903051896
1371391446
1927338575
1539721648
948644117
421807272
645011815
144846470
1016888373
1473088252
1848695906
1543686225
1801918425
625000991
1756509886
236824516
1478629472
1308271645
1217005229
509389837
1603618139
622673660
2128058758
846677506
1015619346
484679147
665325085
869792192
36335454
1377266952
2106469179
939387351
601174751
1886324106
331625351
1549818868
160647730
976637166
1694665338
1177536104
302241770
1395877597
573738681
2104160195
2020878588
182764919
193501064
1352024412
1491036565
1410506293
1861414249
947171056
2033179953
1841989359
1793848563
901315651
179184858
311690000
1771107843
215520313
1688956953
1730093374
1154907664
142648056
1468933832
1486533015
1692466924
1629581563
315686533
1239648614
659634019
617928304
488042563
1233372700
574604851
361437503
1416137619
768105915
1713461915
759690536
31128561
1427392517
1706861593
2064308514
1121898228
1353226508
818140518
1301083087
1664916508
441764713
1516603400
1206389813
24374440
524027416
1349037869
1493308272
2010560431
894021145
975406187
178763316
2133669760
1635040206
796691620
474228675
720929258
1371296472
835666179
2137066878
2139402387
401644446
749273766
23047300
1829036963
308651711
2087355815
803451544
1661878219
758012685
2104534631
1179311080
1199777398
1473654383
238217245
1224151838
1997681799
1587255115
569976463
1860758582
333792612
1545382650
2039521898
319978724
1032939209
688729871
794207400
1753868467
2060026343
1629873579
1743451697
2051945082
2031518025
345241816
2074992383
1713071341
653893527
2014864550
369039237
168288099
625393587
326090220
1347599179
1825170985
1799744603
1585816424
901839176
1649942754
1025587891
1471815639
1363217688
1359380504
869714641
1255255938
1679359228
1902653850
1943985809
326082980
1509038670
1856528504
1955956559
1105006719
1760989939
1839990937
1450248535
1688498674
1405578630
2104142063
1555879576
1774617867
124946514
33789515
2100708087
1472545693
1858960500
1752969042
910878469
613316028
1255428148
1936466361
2085131667
471162188
1148363217
807362661
1726418126
680238797
562532863
1522920288
1006321778
2071571533
1231965144
814794689
1029094605
845471435
507301978
331859492
386486461
1912880608
288517907
1942366037
1540014827
413464421
1976155552
1493239266
1886010114
1687632405
1098724660
649404936
153464785
206669160
438387649
91112805
677831348
1586750866
898475466
256765827
119506015
1461008329
1779686115
1125827793
1385096215
864167611
1940622483
266707172
1709639047
300440813
598566664
2096125508
65837774
887084572
1891007898
1605852601
1300548993
1719679802
951608220
1039075460
1259828559
2050332880
1688480396
1413293345
109518393
2126868045
1504406150
787349741
1566135263
255397968
1044115568
1685641278
1716406297
676318035
663985424
954018864
1540485647
457124259
1220726036
1102641046
757565072
1819292701
1051282906
823402846
558893625
794807156
281771800
1859442618
367003311
1233380020
751034430
1626831870
1136229252
292031178
892641567
1245747645
271415575
249564069
2033097387
1837550838
504962037
929729307
1375708469
73884687
1606047343
2039693893
1027903551
999049342
349334504
101145940
2101690388
1106899576
1920438641
1005489646
1930302423
331848618
1800296803
64590575
43807588
19816466
1297970595
794842019
1646648336
286716199
1086873197
391806256
1532463845
1358288773
641370325
1418077584
1048355963
1146332363
200323243
276580784
1220217050
1806370586
168791029
100636953
657936280
518125533
201782893
612143020
1625025110
2122221534
1617632667
1407843885
306586504
1270445822
1472434460
350394093
1290262288
622921407
1145236112
789426976
909637606
84625661
1181233232
294617803
1442914434
1822603558
1712695387
343786750
821452273
1913018631
620367534
2041669323
1571905569
789158564
2142306276
82358202
1307284097
196605522
694501222
784825559
171343408
164650241
45185796
477929913
1435096063
1517620256
828324006
577874703
2140541663
1973560118
1367301680
902695622
2058185779
401051264
1197313425
1353616566
76171174
762525165
1697403316
897623447
528060148
170287202
791809122
2099965717
959445766
786631751
34840271
119246216
983237273
729341494
904071775
1154580681
893991735
949257572
1632510594
181604151
319394180
313350952
759478854
312452196
139427422
2126780534
1215147818
50129554
380348151
264977595
1403746120
456519325
1027502760
953665788
1354142773
1555562908
1123952990
2145951895
1508044978
2083398757
785099998
1542885249
55161325
1768337271
124743095
959233100
775434305
1018734831
1908490672
260461251
1200338982
80401205
573812204
1959817836
392853401
713239626
1939114723
1608001219
763369180
171979226
1872978814
19631652
628498551
752997927
973297440
1982641324
161077187
2097250431
1981109572
1669122165
2033165540
618725922
1064523767
2088326865
239579546
1189266862
900076317
1015013851
60518045
661083342
1275475102
1260857027
741484547
1849287306
1073191216
1134337948
415043285
864822291
594855519
1178412465
1036801517
320350685
1198044118
1665300068
1073348612
23857910
1500457745
1234425800
2121108341
1334083669
756064317
2006790233
1952809591
1820588084
1947633450
44905489
862371299
700226120
1059919340
922889344
1361309462
187910795
36262724
2102794009
2037198101
1109453940
1089648309
304757738
1974276231
1684503828
1483170204
863594100
2004854513
533730674
381410520
930719478
557588584
1881868265
17661630
531213278
1068468286
773725947
390519863
873794230
446830384
190669666
918699719
1309201683
890895786
1978619060
84607379
104721600
19046207
120870103
60031961
2056244308
1230324043
1149680270
213518399
1057116626
686700450
1696688603
1920710726
544071315
82935629
154637599
1474790793
640524213
2036505864
1492452423
1171737491
957490503
118694723
1562257355
1831284733
565525107
1752927021
602500804
1874726790
496339159
433636216
1959334169
601060759
452682423
2080204273
661092720
361443084
1163044668
1810772990
574961483
72677647
349989792
124166438
1993388373
894061107
207102067
542324
221368253
847626280
2037048189
1713820676
2019363772
847055044
1832515399
1434137479
530856129
250556858
1039580852
1133356933
2125283648
1535920011
1566993150
1937134170
2136980770
2019675573
1869854795
650589842
233635009
885415815
313879184
808596492
958093462
663868976
932762930
803998188
1557930083
1139864997
804540512
1779298336
1987491278
694105053
1345635365
1859371402
1541160097
1030667116
1146025233
2072016226
1281223975
38122437
1057889512
1259023975
1574042448
477399014
1048674497
1563539570
349590939
771045644
66645764
583225949
1656461460
380524948
1391822441
467071274
1044393924
177101724
1271069462
454840359
1316966721
2075609975
86655048
1156974351
622231380
1432290413
868862105
15907830
315473881
2014887338
2087924056
1596697856
2053009775
998329920
708238184
1479568575
1475728934
1756912681
895624497
1825319874
380474678
962270261
261062175
2036936138
1342795209
1652884616
356523764
239705485
1829986340
1627593227
694545845
999469414
1555719554
781200893
8960117
30467286
66007658
877822223
46375116
381481539
745225913
2134299173
1978179396
650752041
985145445
538933932
2130320616
313390732
148362965
878461466
2138710606
528837643
1840731727
252289133
418290133
1036043289
1905173749
774813898
1275748774
1587676442
254923477
1970294619
439662208
1810643031
604011864
448622325
1841110317
670019522
1326444548
1887485434
1051501062
2071670462
1874300959
882196810
574938855
711962756
1421130742
557775823
1025353488
1569493707
1436237289
1016580446
2098331351
1129485369
1268869579
369137836
18045010
1026559681
1143951734
1293793784
466752475
1398875211
1116604756
906414683
1062034594
1720616620
1355037008
755661264
243152495
533997909
495663050
1294653557
458184723
222480361
29366719
1033123578
934443117
1450497461
1590899401
1959796606
872507520
879653043
828893404
823355223
2009138412
2097762984
1192493060
2027183422
976839017
188961146
1173493558
1443591492
1587836358
142614666
202522527
502387304
1863231287
1557559535
1258048568
2106383782
2091557444
1753711618
1253553691
402258519
1976191979
1282920410
1435382097
763151449
585934223
878797851
575464407
1458441743
1758450894
1404357811
134313319
1620105658
1354637147
1326806379
1499805432
183992516
1515767525
525815342
1627584008
956120235
668430009
1830106535
1458507540
384177648
1240182423
569072460
343077782
1184256219
175300431
1596631473
1586514739
4008762
732068235
874413188
767160211
1318002458
1753211039
1342624618
628960553
1364178285
599498782
763273872
836800295
1954135929
2090080251
189122079
2138128446
1458364129
714937422
1618228806
267000716
1383367431
1300851694
1725508256
1767545079
393550469
147097069
2110622861
1577806688
322397500
1559770686
1016837779
326406262
144355273
1891250968
1093566474
1462357731
1496978359
288707444
2091318284
713672997
888206226
707108509
1550473292
694858508
649705112
1739595372
685503306
2108069241
307049146
156248464
227586310
1690416577
1457100158
1953094566
1310478008
1850650627
2100191635
1273617221
1280973668
275105487
685904259
150327799
601511750
830259532
2041578767
1695078224
145133615
1391073479
1983785668
88968251
2104746476
724508247
796076760
1507736120
1419366755
1445781873
1099847844
2104870061
1406367466
1406896990
113634877
1633953776
949829919
1570735036
1439564695
112824279
1273902015
1392272682
1386441500
407392035
1667378170
2072345759
557719835
121406272
755121643
451814954
1816484496
900255258
1842888433
1652786516
989223510
1800151261
229811115
1785300270
1160403734
1649177870
1083598495
112767930
1606564283
342482314
1519664921
1720199161
1976436090
322011192
1143450549
1268517137
434835472
269868916
513306172
1821276972
677260952
33200694
1746139084
1234980787
154606966
353777079
1686795741
1971091462
1254032338
1382200527
1476394330
95772200
1034868140
1706205446
1881072470
47788226
1207899668
817187318
160556157
666980304
1159669632
1680221078
239695817
988622074
2002232270
1383146366
109655564
289584094
1653015282
622961736
2110861067
182792586
656162430
1709516503
1417773373
810769396
2063293582
957085467
634377210
1169842272
191802346
2110771540
1265614472
1226670486
1669493338
999203295
1274458713
729909359
1816390613
1435014870
1396889663
828576597
967752300
1636585480
1817198671
822500922
872248198
1926854235
1112085017
377779832
402332323
1075462436
560572419
1058494753
637495291
1978345792
1869264149
553305225
787947611
356157711
1723147498
979749957
319445604
841278322
58936796
1988938942
1840481617
1333395509
571364653
1509388582
620926731
1968254316
190481531
1588679031
1457356148
2007680203
263696305
182120698
1787050790
1375781322
559900531
41899466
303760110
1120472950
1100394219
941255401
951335094
822174721
1494560627
1739282706
1178332432
1070224477
571549015
1497778036
1911502799
630485811
1339233331
1604500769
1963881320
1910597984
966405703
437324403
1731368653
1156887235
2026003434
1041241153
1017083790
142216092
1223361852
656650932
1517997414
1783262383
698550398
1821757525
756251685
1798944618
615529278
1707586779
473635691
2110089905
1299385837
1651968123
1032830734
1870934853
1002262512
796849886
353937016
194012195
253867007
170334689
2104610179
1220272710
607659092
1688495184
229676297
486178879
582252690
1246760087
628394971
1805614542
1903411020
2146392385
1441393277
454477770
1820666262
50161314
105938740
288711893
1757748093
579574431
251318150
909650283
84058907
1284148885
633101488
1086321419
2080998771
987038504
1280333614
187382130
1157373193
1237460145
1407654840
1765032286
778471682
1637331138
103727517
1360724372
736607577
732122488
1018855266
492534949
731031225
312764895
947012720
404213840
362926209
1052951460
692925733
2120674302
1632525892
944243883
882840937
1716584799
80909120
1515942425
655422570
14424243
355497282
1935756184
201806373
1512870475
1025732681
1609461214
1130419113
1804204363
1099308704
1234146630
1017445087
1835916281
1966269118
2036300353
180967583
549816696
201581600
1127980303
954030536
564507809
33448115
1646956269
537698464
1665974007
443716504
1420539401
1235075158
524625625
788998179
1890497728
539049868
1144495461
1678770264
740856242
509882288
557019298
202833808
1640301402
213740013
1302142512
726964384
1231185101
990575145
545749855
1120001806
1171542728
1095566551
1321583407
152039383
2049597087
1886091216
185487499
1549069708
276306032
1851461506
1992786212
1696845434
939053017
369928189
338359965
682067097
908978058
1482855426
213353714
1649834300
1992737714
770373012
1852668108
1485555468
984113025
1007326972
65036205
67814478
1997902117
610786060
1187816285
1021961198
1706352611
361916044
1174000581
1608466050
100523612
1359488080
1010052110
376829645
1063465939
855354674
2073675079
2002518956
1225282864
264551396
537102405
2134260922
1747406822
750456119
1636611574
1592660888
1520829131
1341796034
930732709
357458509
201639358
995768914
425272987
52057827
1606554974
1613089272
1074019025
1165423937
1975005316
100535959
626406339
2075528929
1460024039
1636458449
304874926
376006330
344329475
231066357
231041638
1569612339
495617753
768144044
1556389613
95540927
1518600163
1045517539
1688201815
891945647
239829925
471450876
1249404156
441469283
1467219790
1674677143
493527111
926291116
1140282768
1567546136
2091715053
967804436
1668082095
570637744
895849717
980622487
59612545
1200724643
1356628817
403942021
1431791000
1587670456
1973554360
1927408753
208330852
1382460326
2022949680
1726931015
280494217
1563667848
471393014
520324143
2035118724
1720797170
961793426
1354854867
1247990666
1455320537
133662335
240789786
875383026
77893741
1208594222
395981473
648531485
2104443940
1376603960
708144031
1157684935
585749130
1112086052
441992288
25935938
938156764
221917393
234266790
173133442
97383426
1961197805
453627660
1661051274
285107172
973951803
1548686350
2005904342
1935745229
756057569
1106411360
1243582119
889719905
1347201146
2118965145
967613646
408311721
367462970
1616145131
365272013
1744066931
176805514
1522956948
182332413
1288891566
1964949236
208268351
79564683
39382982
442535141
252698125
136766408
256249298
706325785
1797817682
541356470
1680277588
1199020384
399777165
1468539170
1955077954
1506188525
564637641
697314211
705906024
536119138
1664927857
1114217745
903582108
1133589340
1479489758
500165391
1310394855
854963058
682497804
451802773
672428647
890766155
531367456
711811629
1333301296
784065582
848578037
1589550595
1490391367
498912071
2130907065
1023185308
1697932455
383200582
344240830
1505526761
1889389108
908878471
55357324
447811484
1444997609
1720285181
1562029229
201096069
706390874
894035339
701261461
2016785729
1748998397
1383759265
321104854
273943396
127041773
852472311
985755025
1460343069
1636537893
1834333062
902410016
979445612
185761485
885833434
2002630920
1883693941
1269034016
199388102
1241737054
1010939476
1108266573
1297094379
1458750960
405780534
869895912
873296541
606876604
1576286786
1767331880
1308138065
1445588867
1368846630
544413682
1766693722
1642790026
671455455
471682385
481061404
2131798525
2108220278
167910818
886724893
940182242
353672304
1772558327
795329515
89882597
894108696
994717617
1331619651
1905048172
2102984191
481230382
1216315485
361281077
1351126295
2089612026
968157681
779929433
1709460259
128812098
78034653
930823241
673225781
1844728375
426129619
1344681236
168927112
907191023
1328996113
129663742
1075101842
68237359
1069845984
1428774146
1840795686
1865175499
1518656743
587420734
712409469
702792746
344985259
667910012
1184023129
1561300744
1029191089
387665776
1503429122
1997348771
1167595209
1065405733
2126160869
1245629862
1996228974
651903002
942874589
274874946
1996584239
1111801701
1182065969
1178096704
1241465443
109684163
1246334063
163827780
1538458309
939646102
2029003279
909631404
1527066836
593929100
1612424151
1872052095
1261839112
648963632
1285869191
143546554
1036629408
641814666
2140895325
56740969
1707220399
2119572546
1302370832
1555965726
623991901
97761773
1830840672
473092492
1209563475
865422993
1651189196
303545270
975107157
750039612
467373050
366081818
1689685714
348892682
1275713223
1069268902
942821782
740653726
793837350
57177247
1389617358
2079706541
200723801
278763118
574037559
194135478
335504087
133774311
166224376
1637874919
1689740037
790216277
1735636693
1373097061
1263308769
797716520
91036406
767014318
1101261790
1066143563
1517053930
1568634841
1432225382
1059255996
1917527523
560454957
2128524898
712865657
1301108683
774878600
770042904
543242393
707101494
970766705
822005511
1281139053
1164902183
1157509598
1414913364
1331126560
647900870
957169753
2121342837
236053915
182783166
1237167959
1033770435
273819573
2004182277
2135032225
1339963136
1373752559
1556183418
624704870
285524907
1326227293
1185159827
266566157
2039092951
338784862
1041444758
661652207
882027255
1748546252
1632418913
1704032766
882201657
649837448
714058717
149631374
1980964008
1361959587
1106801127
1954823198
1598013502
1289584294
1044507509
484300289
1563403867
901206138
471848866
755883355
127475049
2028032285
1380588226
412999956
1206775930
418264405
679566113
1098385233
757049268
1721010871
1760037441
1639076523
1322073475
1244972706
1195625642
56791485
1894810154
1909684359
206422859
1728290515
1124160298
1313223986
1535630065
574690152
455324632
432653926
1058990441
2018728499
1333860064
1530839307
627128207
1461335113
1411387944
2007716433
1874335069
470680227
278497190
406417534
1569065460
1035546458
2127428406
1181619253
527139334
1302018233
279108311
1722764976
1358809718
26434818
1484965687
1565232577
1754725333
461642337
730972916
1142871750
1036332489
1186297548
1575525676
2095322930
1057542400
761902092
1478678589
1684670607
75753557
742582886
1544903392
1950088626
1213263113
1823400582
209022512
634844925
711463393
188967270
1816464179
1238602727
1490985504
2095572490
813884055
702311574
2122007308
151366094
120060504
1729248993
613008431
851033420
724637095
1649340920
2037330968
152679123
1597180202
947389720
914581215
928375143
484576679
990334772
1670958029
2029480071
792939750
736737494
1705397006
1001962263
1371582420
269376751
1190929533
1040562951
1507979478
534431389
988651793
174379885
1236742964
963175454
325745979
1356803468
544940799
938754410
60353240
1269577895
440611682
2097684208
1422257018
2037791884
897590281
189354586
818683379
1382166960
1179689358
342157761
1264163384
1972629109
1078895255
822076742
827107724
302994027
1091453493
2018037257
1343556978
451949323
404984999
184725124
626329208
1641727963
1147900578
952075187
851047783
1692841377
1890829597
911401023
814935624
183957631
861601583
89708995
74265867
1759191864
279063581
892949246
993875177
1458752939
1235107007
110554913
1283898400
166518615
932631655
2111006124
469512642
2024085148
1981559734
1813069621
328550823
239061085
1997794745
954880031
1880789048
998211675
1906955218
584353183
543569404
1650301167
1495754206
1358505029
1834258798
209872141
1448214024
1908524665
1969064006
1727277605
653990263
815455535
1038546896
1889097271
926010448
174961649
2055615886
1858642103
138484125
377644880
1735243603
2120043859
43230853
2063794426
211621296
2041025598
871190809
2092410344
891753625
630662379
529279879
1435323030
133479898
2025034085
646344411
1967738696
87422579
2094558435
1728779713
2056486585
1674352392
235286328
724458472
565415640
2124383599
1650468920
740377289
2032515837
1361627375
878861415
262677070
949387330
851421626
305907923
865698108
1063042923
199449874
1736888917
1007969619
1091203499
220067648
1537249499
379042881
353547546
1414799936
1025387292
173802594
1502222515
972462079
1902582307
1411225452
499330823
2137868635
2135683924
1064746464
2114768587
1638669196
1805123753
1999800776
852812923
536501520
114994198
1802200253
1387923147
420902122
520414713
303482422
620351996
109819982
1311452041
1711555495
329887630
701217892
2090598377
683435176
2116017829
968502021
857237770
1470756696
1940964101
612336429
734498501
292811276
602721417
722698777
1357557740
570006356
213884326
1015197846
422323484
1066697249
1551699366
537317683
721413855
792138865
958219805
1241828568
1095621287
1578571801
1351648551
259589681
1142643648
1681536181
960807573
1085758377
217487710
929341754
2054260399
1074725480
252614803
1847740852
1687061910
987113304
2140552128
142299679
1709812081
1350626221
712306035
1923696407
218340419
1134629519
842910009
1770039785
1671947202
1564323864
414695003
482683359
658668784
1510316290
2061255160
2010317335
1769905971
1056415161
1544369869
583229897
2142173538
1761857579
1512571651
2048950289
689099411
1765186454
1749207493
228677673
604816110
1742275974
370977352
167144544
945418547
1083283387
2090840951
1163758966
70429259
786267312
786315103
1742376461
203107528
1201010106
77576173
861776313
563842749
2138831333
724610000
186265072
1047762846
121496221
769494969
1042452737
1883353800
134582973
943919378
424969564
1899769427
545643224
653647237
357101890
140435550
1024624590
524246434
1085854097
2107907977
467603737
102129415
30853588
1253871050
888444518
1773230050
1456978578
2089454625
1850806223
171271243
505813726
1842153908
895881244
692078798
742433107
1017377465
1461573768
1784885844
753247618
1596156741
581321574
1178217182
1348442520
1126964798
1831864419
1705544410
1267400348
709005361
82307196
205770797
669429691
549910934
307900212
700283279
1803781984
1196344731
326029681
1113276914
1138315708
29352256
1284548158
1644129434
1871506165
32945754
188724584
466455624
1050323219
1650298352
103857820
1803570837
1098971445
685179394
834304371
299930318
1812144193
518685143
2005474728
932060893
1227690504
2087781925
1137831691
1897120195
490209211
1445731903
449919827
146507547
494592986
775949508
1259784461
1632908694
805301765
396848971
1129554480
529324282
429794725
1318279065
995779906
1480117945
821093769
1099637726
1136205134
1920065215
1784817120
1970509506
72511885
1449477665
341711001
2077986613
234054911
1569401505
2018284890
1371886602
1319038053
361010453
670134857
1768957880
507518000
1164727844
397423740
1767302462
650152890
1202725505
16667785
1779707371
1732049787
446462511
950502788
580346045
1926580456
1771596557
1679983771
915301942
1544178124
1317317244
738327800
1616690009
619311261
1080038801
1547192975
853366172
501956659
1417994217
77769126
1820994712
1779004671
747903984
1442468944
139039023
1912631828
1839892684
1906341485
415301070
895134542
1923009271
47524793
479700681
221988134
998027581
1060046727
1084942
622140491
592546850
916386884
18834967
1909864094
1654714685
1635524977
381691708
587269838
1035234304
1235057880
1089226497
305744873
1312827007
762737561
2084749544
2060730991
57722857
76304920
1825879171
1897615542
1982646405
93696593
645266436
1758172028
141221387
1124967117
1980160162
1139248968
37530196
1981245104
1761389459
630077047
750148341
1780224427
392457493
257379378
1268265756
774149201
844649216
156016412
2009207082
1933875714
461761285
1174550441
549129627
399027182
1087797784
606852485
475332102
766193307
356984379
310494859
859889900
1002250815
2068666888
1001111287
2127217932
1901343402
2140360256
17264481
1735104859
1754266067
647341528
337769552
1387006846
1039799021
595148930
507788954
1813948223
1439798146
663805366
1675671657
1226190212
1125566652
702738450
1775319840
1524593834
1790536234
234688677
1999925936
409245893
591673056
162937147
1269135793
1593923871
84120387
122763433
1573658155
1985463790
115640041
1590922636
1573085001
1869906108
90780516
1910854553
1109429307
1130579538
358519835
1617218261
797044113
1798317981
133539980
325232122
877024546
1259106632
1027970572
504860738
636216818
671023158
739549415
488659106
1080269051
1331222471
651596253
201921196
777662694
735716641
324684629
203837201
573696783
440324670
1794759838
2146781784
162747131
1885540354
1910152689
1272176438
868636244
121188876
741911051
1665680357
1919506857
875451031
1990912479
649047755
2134557663
871399403
1153908493
623290833
1542422561
1893457908
1111949939
475207964
1077196731
1763546193
677129161
1854859425
351779186
1001813790
2058696627
925475969
1442138461
1705972817
924774105
1604885592
1444029523
687443146
729578382
165182120
808632022
1471489433
1830862477
580655231
199456817
1674291309
1229702987
186530832
398207064
236127832
809821666
1940629626
2129585741
1921771605
268353942
1059298824
1537834150
945483103
766674602
1889613336
1947296894
677887581
667605657
1241951707
236376750
1592379762
699353651
1680406273
132339260
1428932033
1845588393
940971282
752937818
1528967223
1521626514
952394635
1055774884
603845853
1138925468
1453981948
839973685
1948747134
1247127926
822075778
1723035091
1515481869
1881374603
1113385594
313481324
500565557
855515282
113294570
1178453138
1523120940
1355246277
1414829888
968017054
2054599928
947752513
1100356315
1336048313
645857259
2041327597
2088986132
27340834
1415470463
893897119
1083115718
2019316316
2032822587
389614018
711806354
1834086073
1636741945
1533882132
1409637517
1004740166
1267773087
375539463
1318221490
1768338644
1231054745
1431516061
799308134
606692037
639278690
66654374
1574709092
546394971
1014406888
527581759
1882443284
1660264147
421425708
1823945768
1687604981
1836896172
570359240
623237051
1708728840
455698179
1012851069
273051546
142300605
502109366
1806933679
1551938122
1506849532
927223118
1927477585
677587375
548078115
1011048682
2109103436
1347386249
1617740720
600898478
1414040624
1044966164
1147293449
280963864
1572547923
882253086
1941228011
1993973631
558715206
1481349344
1683386155
1129074446
2104586395
1244631348
1584772626
969953816
1517682894
1727073231
1472063183
1177132925
1131527705
831429067
2104356044
911521642
1509016442
504950511
1922570324
1470636230
1852336760
1392827396
2071534709
1118893736
290309912
1071344510
1399857600
1862857835
1953597596
1193601963
1709347819
364829155
527467659
1245250326
1493903601
484570406
342398026
931192579
1454524223
1860080921
510782162
779103758
889730198
1642309867
1610532825
846602594
406347861
972065620
1351553105
181434538
295218202
1056406218
1574261934
219269263
27816306
1864571847
1290613774
1427673907
1579946034
1096727722
473792222
1141810205
1461556877
1001259882
239576884
807976831
1485830288
581974910
1739169410
792870863
294572183
102467925
1571974621
1184302382
1744777792
1035023799
2030904976
3642006
2007089419
1234974434
185076544
154823973
143897004
1759338478
374093237
171713310
1476426677
1664707011
1599387217
908889064
613951085
2073179440
2050699269
2075507963
926955674
142792505
736001146
265302314
724767416
327686908
1058173178
1019339599
430154833
482664151
56158333
27448978
1517687950
2087063310
31090984
1377293721
1174554096
216167528
1532117695
1318451100
1975506006
1906210932
1490164410
1304449036
1423434295
942067980
65854452
2037385380
867763772
2116553721
1965409695
1794719446
111862579
553927193
2060021760
836629995
881614102
970711290
1855969594
1311768935
1453375442
1912127928
1339217913
823579744
1851707590
1370308897
53389818
878778038
1586476425
1585507513
49745490
1414498784
1344234797
1539909900
571464172
620185444
334494232
637318624
510087176
1202258004
606388697
328013224
849493802
718251276
881940417
762031915
1554881271
1763554519
1732743205
1263367218
927839807
1038634999
1028011498
119574072
1862214744
732235440
1489882970
1915604562
1611013478
928875747
1353628427
1660758968
195890883
550379576
1053185220
767355055
1170565020
1387679453
1404673679
1680652196
442453809
2011062377
2008665420
1291947612
581830005
743122190
2053979527
2136711277
359193061
1639239084
1252594847
1287032868
530390436
133122697
1406606941
245121532
865358137
749006263
13242446
328887967
1677882010
1366870873
1989646935
1873772894
1917250449
895348507
493644301
940331821
135544312
1898317981
473500369
577998122
1761896710
334682142
1869945734
196243067
1077804332
1776441613
185470696
1436997393
1268197049
1438065543
576546614
1798587485
1571188240
1983153555
2043709017
289062729
584676170
2056951463
617950696
115074532
1276338688
460113983
1988847426
1046105489
1355462491
335008080
1986437310
1491006803
85842413
312454032
2069004925
1847739123
647136174
1791467011
2043982190
1724940506
1420424976
81969239
1014454251
541138378
1520034782
1591000865
192242215
943739375
1426670772
88467585
1232802104
2011346942
2145419048
1850752801
2126421475
1274274089
163383136
1967785253
172895930
1518845627
155309685
11849593
862368783
241152098
324303625
783890060
2088891221
971439799
427873424
1985389764
548896657
1848298400
2067359003
1563350908
241953130
1439910137
1006868126
434195346
236165864
286055250
522662931
1468967969
149918545
520598331
1172237122
128856372
1794872420
1335620258
2096641625
1967768351
706982238
104467663
1979617944
1569351021
345619761
156437921
205757433
287027335
1127877720
633630857
124933451
1676774377
334445610
44808806
1092641637
576398740
1484718943
2099509763
1010594086
1720884808
238081366
1533257017
1042369129
387999911
2053855349
67122603
516856283
1701244121
1402742861
466014260
1521528824
2109725099
570481923
1353663120
1531592472
916101685
1510101041
1737349906
1203129020
490495113
223497115
1328062471
19785842
557942725
1372871277
1112427480
1134341466
710106572
1064453595
2144935552
283507732
1302534961
1530708922
1325876861
1690534872
1437080623
1392999464
59907507
990841096
648258678
525921768
364886273
610500129
1096403691
1718549393
2142092602
2012505376
1081166787
1731958860
1068150748
1571661900
1955455975
248729571
1591447743
365915053
1621600848
556391575
1500256519
184223773
1620845170
1497708423
467731505
775896484
880933697
1793608367
318947708
170530672
1039124183
378855216
1161371769
1687382861
904776984
1526258042
150399343
2001180675
1097323787
145008297
1866202404
31006926
1876967157
786869504
1602668827
1684939484
1035599076
1046632922
2050854537
509716276
1603024497
1403627408
693940049
1076386019
753852184
1161671555
1852282503
1634785881
807796274
23746564
1805316554
1846920457
402601780
819204675
1386819671
1307378764
197979069
1537219014
1161075791
1295302856
1682227311
879794547
1326309783
1411710820
1666664052
781494962
949166656
554779480
1828127884
852537546
1064495756
1283668733
108681306
1758435806
212571104
862533490
772623713
2064853608
349835724
1580419987
2088600172
7668630
1279856796
343718304
826873305
519192819
1651097068
1024852374
2056411833
664689211
172671582
1591155496
1544483759
1498981365
855382668
1063664163
132992679
1804549325
1618443643
1961120563
509603223
535455751
1097305648
618284529
146407909
1309876753
1480818020
919031622
1227246713
1830653744
351967961
1168363237
1838322374
1631824758
1512081541
517712031
3533929
1015694961
1542564405
2059945763
1680384172
1715235987
1503617611
1077384283
1066733705
211516632
2141048446
1199726384
2016065957
1612008441
1013363300
378185532
2147464193
2110668948
996470061
146388454
1273062053
329804433
1065420077
352825118
12974529
1417388038
1521188355
1851296903
901729148
885786248
221525286
905263078
1901481209
1764089691
817725193
1434381734
1331842031
173859156
364282369
251092088
385375788
357847168
1450818472
253958097
1969855609
316698124
632143629
1969836154
279883425
1628613691
2116224609
1552945478
1958418124
1034161038
1905770597
1971392654
304065428
1279475304
1675205909
1205794577
17777905
1896731196
2111057655
1919259114
1513337239
781299200
1206157200
697695622
955158356
1570439570
948787710
1340534145
1928286738
252122535
1594492242
1750658699
568820659
79152224
1573011206
848704084
1707765915
1541752167
254165915
1518700391
428429557
12452864
1342609397
732494985
1291928168
870331659
1938289562
1309706073
619579207
1901863569
1081481540
2132916446
535679121
140155092
683128421
1490837478
1710594662
1631916131
683887975
1491397752
1884038666
130896569
1094572804
305375678
210048793
520100362
1154079762
1917814708
2061852529
1408245677
1289031452
342798438
1420698541
484157201
1075293423
565143062
1354488860
866099338
1874849135
1974068067
620479259
808847027
1959500866
1156158381
949002120
495145639
499512211
512113134
2127061770
1183400186
2003510887
1863616789
1314296755
950600043
21508819
1524345549
1470700405
1175588581
1294676609
1385069286
436350611
436224413
1727867724
1857049152
920381615
655677499
274708566
127386827
1521776837
2074054
2101454895
2142256097
810921081
1913472113
1150930830
1759923201
261134104
1650443041
124552688
240712226
686359579
2128063575
2104329015
2000656334
931179970
2125837834
1377518235
254396727
1153942768
524711197
1639466013
1590293379
960935610
1219850089
1299858883
1881317225
1875527588
1574567450
2008704053
1249820778
1576641504
1962675300
1244593227
240078937
1728663765
248040409
2000002139
1989797869
1898483450
2124554827
83026447
437359381
2105134754
39871815
290532067
888831076
18226001
1668050303
1143227803
1172168769
45277852
635210168
614978500
1006213462
1855060257
1914837384
740047040
1583104197
1341921186
601267445
685441327
771079042
416459097
1930034554
1011157979
2145122862
30591315
863676470
1987437083
1929074765
840747649
2070463530
218950498
798398755
2110335345
509482566
1687229831
2128561347
30049221
682973986
1153246468
75327073
1318184154
1768224969
1081540535
1025760763
1535578705
1821587575
461381313
730016243
275371372
1146822640
1501095285
691830469
929373547
364769616
689469683
959964862
1228446087
529423118
741555980
2069193736
452403001
960506478
720108844
415254698
1469989044
259855027
396332397
1500038265
942829014
1549578866
1575365338
113529520
1170320187
509422226
1139290284
558415244
183526153
1600671597
1288431487
458897526
600010589
642043124
1150727995
1529384136
1006812740
1840197679
341865351
87775179
222137149
1083421331
9485268
674540150
2043927809
729594112
1089794849
1366433206
989449139
1486127246
718987823
1932278153
888222464
146869514
2045807674
2058542651
656291740
1037614310
469474247
839817893
490802259
1757905734
1298715419
1090812848
252465210
301959767
472713337
1259277951
2142157446
814578688
1347053130
216810947
1898000019
1356538398
891351098
1794444180
2086132510
1981145947
1013393738
928098002
1319789545
1732381562
712892507
60528362
1879251076
611216533
2119071013
388059168
1648830843
441061613
1227877061
2139633102
51483699
379108833
1082962303
303948910
681068600
1555675640
1563226861
675742398
222770680
762796343
892553345
2120770699
2119334742
1783904443
1767731231
2057983604
1617566742
633641322
838597958
789872640
218539236
1551490466
850401002
2097790312
15223351
821988367
338365832
1664054195
1263049980
1566242893
1656203649
1314533680
1945351726
591682304
1618482590
478936678
2147357944
1034225803
1154679076
222644976
1797022146
2047232422
195932027
1768873240
1683653217
1963663259
1679373197
1153736312
449820933
370487507
1943608952
668360169
1921977973
646526306
618666833
1937201325
1468514673
957032665
1453771872
584081006
375791910
962491873
1898614686
173659989
1554174178
1369613628
652596667
1554048474
256355783
1807275744
1776693451
2053377929
1707024518
1972625478
1674767522
1243194087
1788805089
1206657071
249446751
91142374
1577144578
45572055
759502543
1351638904
692098361
1378169376
1141356581
13129387
187718393
447644805
597210393
563510304
1410136678
348341431
737170293
816827208
1717955059
1389766960
223392035
1974310842
1049559056
2000085486
1880205123
609099926
1825227316
1407488997
1852294014
1466548758
466662420
2101740765
1557691132
2043806999
2147312821
169710028
1247962255
691927534
1547879404
241835188
705056921
1735597798
689479993
1302267314
151624454
2099616671
1650608745
888794747
768960232
1221080156
131078059
992352267
1047907350
1180637116
844954105
780628826
1789737042
522697773
40634175
1494547408
1989246531
507296596
1448804526
1399454016
403619947
1448633699
1569164044
1651582202
2140561233
969559800
1893417390
698134507
557673950
435413735
2000401821
709298404
387546758
1503526919
1598093151
1156506990
577123427
1729171211
1375609
1625030778
762324679
846329714
258175956
404578073
1369027488
298810131
1899125482
1210790371
806106727
1200446360
462760739
1209726674
501596411
2031924783
713825228
494673996
854000936
459758970
1192808503
1411674886
895172705
1045726677
2120973291
1282719464
401769948
1571582794
291742806
978893375
1153270357
293118416
456440505
1915595036
1139448130
714616461
172689462
360991970
1013426593
2071814944
1571782342
1819533320
1124777656
2034543081
881776347
1626374067
1918984217
1595601575
2121048063
625501505
2055360546
1166372919
2037176391
803049603
64615948
2010666034
2085769067
466385896
1434765181
230028226
1445279271
440551890
523146642
1901719777
208663279
1662594772
468852590
381352741
2023586743
1482279183
305684037
1447885437
1154328856
1430461693
1334944870
2036105203
909352112
1106445439
1484223130
882916527
1731946944
1392100028
2049289446
1621639688
47665984
2113905394
1484822074
2133435051
432807642
772103607
215979629
1878086914
1212655498
739126271
1632323043
1421318777
254237396
2101175633
1802671518
130340491
1435971169
2108355555
1578225928
442816377
1391333600
765687150
331437932
153202064
1872132590
1815661062
1036118591
1456595886
1060277443
937924390
930751926
1107943427
904346136
268090353
1093894830
1337153779
1040193960
1309874460
1067757045
105365810
2049000731
552596440
1526684587
155754479
506288425
